Bin Id	Bin size (Mbp)	Re1A_S1_R1_paired.sorted: mapped reads	Re1A_S1_R1_paired.sorted: % mapped reads	Re1A_S1_R1_paired.sorted: % binned populations	Re1A_S1_R1_paired.sorted: % community	Re1B_S1_R1_paired.sorted: mapped reads	Re1B_S1_R1_paired.sorted: % mapped reads	Re1B_S1_R1_paired.sorted: % binned populations	Re1B_S1_R1_paired.sorted: % community	Re2A_S12_R1_paired.sorted: mapped reads	Re2A_S12_R1_paired.sorted: % mapped reads	Re2A_S12_R1_paired.sorted: % binned populations	Re2A_S12_R1_paired.sorted: % community	Re2B_S2_R1_paired.sorted: mapped reads	Re2B_S2_R1_paired.sorted: % mapped reads	Re2B_S2_R1_paired.sorted: % binned populations	Re2B_S2_R1_paired.sorted: % community	Re3A_S23_R1_paired.sorted: mapped reads	Re3A_S23_R1_paired.sorted: % mapped reads	Re3A_S23_R1_paired.sorted: % binned populations	Re3A_S23_R1_paired.sorted: % community	Re3B_S3_R1_paired.sorted: mapped reads	Re3B_S3_R1_paired.sorted: % mapped reads	Re3B_S3_R1_paired.sorted: % binned populations	Re3B_S3_R1_paired.sorted: % community	Re4A_S34_R1_paired.sorted: mapped reads	Re4A_S34_R1_paired.sorted: % mapped reads	Re4A_S34_R1_paired.sorted: % binned populations	Re4A_S34_R1_paired.sorted: % community	Re4B_S4_R1_paired.sorted: mapped reads	Re4B_S4_R1_paired.sorted: % mapped reads	Re4B_S4_R1_paired.sorted: % binned populations	Re4B_S4_R1_paired.sorted: % community
Ilumatobacter_sp_DTU-UNIPD920	1.955964	3947	0.0765846245549	0.069554113473	0.069554113473	2745	0.0751930777444	0.0687172337389	0.0687172337389	33092	0.577650047271	0.546412171388	0.546412171388	21284	0.486735296862	0.462891957828	0.462891957828	6531	0.121261115602	0.117038095547	0.117038095547	1804	0.0652772219404	0.0629864410774	0.0629864410774	1288	0.0250861655251	0.0227836958563	0.0227836958563	297	0.0144441974935	0.0130013355956	0.0130013355956
Firmicutes_sp_DTU-UNIPD921	1.172494	65040	1.26198732735	1.91199368689	1.91199368689	46082	1.26231235287	1.92444218079	1.92444218079	96744	1.68875184858	2.66484293658	2.66484293658	77809	1.77938295027	2.82297119892	2.82297119892	46463	0.862678795625	1.389008932	1.389008932	20110	0.727674574956	1.17131265571	1.17131265571	56862	1.10749188205	1.67795639542	1.67795639542	17624	0.857119651939	1.2870227735	1.2870227735
Bacteroidales_sp_DTU-UNIPD922	1.414784	90876	1.76328967344	2.21398978899	2.21398978899	94474	2.58790194056	3.26968820585	3.26968820585	60048	1.04819080257	1.37077638398	1.37077638398	66857	1.52892603563	2.01022184392	2.01022184392	17097	0.317440100054	0.423582678042	0.423582678042	7734	0.279852569006	0.373323580287	0.373323580287	23225	0.452349529751	0.567982234204	0.567982234204	14013	0.681503499921	0.848073238266	0.848073238266
Firmicutes_sp_DTU-UNIPD923	1.345088	38035	0.738002582961	0.974651314239	0.974651314239	29653	0.812276988836	1.07944896972	1.07944896972	114614	2.00068845999	2.75197939367	2.75197939367	90503	2.06967696729	2.86219698399	2.86219698399	36525	0.678159890885	0.951804921685	0.951804921685	16629	0.601715589605	0.844280637161	0.844280637161	82801	1.61270154631	2.12987468828	2.12987468828	27410	1.3330486643	1.74482033406	1.74482033406
Clostridia_sp_DTU-UNIPD924	2.519733	3627	0.0703755848139	0.0496146100272	0.0496146100272	2849	0.0780419229486	0.0553633169952	0.0553633169952	12063	0.210570304612	0.154617629381	0.154617629381	8982	0.205405771303	0.1516372045	0.1516372045	37246	0.691546702147	0.518123791461	0.518123791461	19874	0.719134982729	0.53864440834	0.53864440834	25862	0.503709947833	0.355121324887	0.355121324887	9367	0.455551508154	0.318301271112	0.318301271112
Petrimonas_sp_DTU-UNIPD925	2.223799	43238	0.838957688499	0.670172521633	0.670172521633	36699	1.00528625142	0.808058637035	0.808058637035	5041	0.0879951011813	0.0732115114838	0.0732115114838	4627	0.105813015344	0.0885097698363	0.0885097698363	4628	0.0859281033544	0.0729467990344	0.0729467990344	2380	0.0861196165289	0.0730891347448	0.0730891347448	13112	0.255380281339	0.204005829991	0.204005829991	4821	0.234462882546	0.185623936053	0.185623936053
Clostridiales_sp_DTU-UNIPD926	0.620577	14819	0.287536749754	0.823075686298	0.823075686298	10439	0.285952837368	0.82365890613	0.82365890613	2193	0.0382807492344	0.11413035349	0.11413035349	1649	0.0377103225204	0.113034813617	0.113034813617	4241	0.0787426720669	0.239541638919	0.239541638919	2041	0.0738529988804	0.224604639658	0.224604639658	4558	0.0887754211671	0.254125247118	0.254125247118	1579	0.0767925516575	0.217860668004	0.217860668004
Methanoculleus_thermophilus_DTU-UNIPD927	1.434897	67867	1.31684031281	1.63025099815	1.63025099815	50391	1.38034767964	1.71955640491	1.71955640491	2146	0.0374603227802	0.0483022316436	0.0483022316436	1630	0.0372758191075	0.0483230256898	0.0483230256898	3366	0.0624965418951	0.0822246065087	0.0822246065087	1523	0.0551093176359	0.0724854050116	0.0724854050116	2948	0.0574177142608	0.0710846648773	0.0710846648773	1035	0.0503358397501	0.0617606700002	0.0617606700002
Tepidanaerobacter_sp_DTU-UNIPD928	1.649353	48367	0.938476953597	1.0107694018	1.0107694018	32383	0.887059175446	0.961363527896	0.961363527896	14700	0.256601465456	0.287847145025	0.287847145025	10569	0.241698240581	0.272588497394	0.272588497394	13203	0.245140179038	0.280586924179	0.280586924179	6539	0.236611837177	0.270750406132	0.270750406132	21272	0.414311267895	0.446235254374	0.446235254374	8904	0.433034122836	0.462236156248	0.462236156248
Rikenellaceae_sp_DTU-UNIPD929	1.573214	27839	0.540167054214	0.609933347786	0.609933347786	28059	0.768612957534	0.873310261732	0.873310261732	15354	0.268017612287	0.315204159609	0.315204159609	16063	0.367338332714	0.434336271937	0.434336271937	6149	0.114168519344	0.137001433155	0.137001433155	2942	0.106455425138	0.127710398482	0.127710398482	29071	0.566211116443	0.639353927436	0.639353927436	18431	0.896367016845	1.00312134831	1.00312134831
Firmicutes_sp_DTU-UNIPD930	1.465533	19298	0.374443902878	0.453871852671	0.453871852671	15485	0.424176615254	0.517368263241	0.517368263241	43780	0.764218514127	0.964802369658	0.964802369658	49421	1.13018911418	1.43450864298	1.43450864298	16882	0.313448193783	0.40377247843	0.40377247843	8615	0.311731301007	0.401449640964	0.401449640964	20659	0.402371967067	0.487733810123	0.487733810123	7423	0.361007670015	0.433686831111	0.433686831111
Ca. Dethiobacteraceae_sp_DTU-UNIPD931	1.778061	17739	0.34419423739	0.34387375247	0.34387375247	15150	0.415000046568	0.417205623253	0.417205623253	32312	0.564034459308	0.586915244807	0.586915244807	30902	0.706685498197	0.739311010982	0.739311010982	38861	0.721532416693	0.766082841978	0.766082841978	19065	0.689861550052	0.732253653948	0.732253653948	16219	0.315894812617	0.315606970358	0.315606970358	5432	0.26417804978	0.261580569853	0.261580569853
Bacillus_sp_DTU-UNIPD918	3.461251	337898	6.55631909497	3.36487609922	3.36487609922	303543	8.31487519045	4.2940916021	4.2940916021	46041	0.803686263338	0.429605526868	0.429605526868	44125	1.00907700498	0.542299078754	0.542299078754	84486	1.56865206136	0.855578917354	0.855578917354	46919	1.69775054114	0.925735774668	0.925735774668	70156	1.36641694765	0.701295244448	0.701295244448	26851	1.30586244747	0.664231927448	0.664231927448
Synergistetes_sp_DTU-UNIPD919	0.948991	58812	1.14114389139	2.13609422169	2.13609422169	39620	1.08530045182	2.04426199296	2.04426199296	6607	0.115331012399	0.224853897298	0.224853897298	4243	0.097031472683	0.190194599238	0.190194599238	6404	0.118903105852	0.236536218413	0.236536218413	2742	0.0992184825724	0.197322564385	0.197322564385	15895	0.309584317563	0.579518903978	0.579518903978	5608	0.272737574221	0.505985752025	0.505985752025
Aminobacterium_colombiense_DTU-UNIPD933	1.437124	32638	0.633283247079	0.782791040526	0.782791040526	22304	0.610967725323	0.759928427626	0.759928427626	7967	0.139071011924	0.179043591649	0.179043591649	5811	0.132889438548	0.172006110624	0.172006110624	5580	0.103603892981	0.136096944979	0.136096944979	2362	0.085468291698	0.112242426077	0.112242426077	11863	0.231053712441	0.285607400833	0.285607400833	3982	0.193659240469	0.237246268304	0.237246268304
Syntrophothermus_sp_DTU-UNIPD934	1.864433	10119	0.196341478559	0.187071386484	0.187071386484	7577	0.207554808769	0.198991571961	0.198991571961	28183	0.491959122514	0.488200978704	0.488200978704	25156	0.575282518693	0.573960555599	0.573960555599	15403	0.285987592041	0.289578926601	0.289578926601	8602	0.31126089974	0.315082331988	0.315082331988	10097	0.196657619027	0.187376336581	0.187376336581	4065	0.197695834381	0.186683590547	0.186683590547
Syntrophomonas_sp_DTU-UNIPD935	0.934881	11912	0.231131504357	0.43918237363	0.43918237363	9307	0.25494425303	0.487458398347	0.487458398347	3315	0.0578662488427	0.114521072227	0.114521072227	2749	0.0628657832679	0.125085119798	0.125085119798	4005	0.074360858672	0.15016012	0.15016012	2161	0.0781951644197	0.157859174535	0.157859174535	3174	0.0618194793296	0.117468049518	0.117468049518	1374	0.0668226510306	0.125841178194	0.125841178194
Bacteroidales_sp_DTU-UNIPD936	1.101499	16109	0.31256694121	0.504081808421	0.504081808421	10039	0.274995740429	0.446262633319	0.446262633319	2208	0.0385425874644	0.064740070523	0.064740070523	1332	0.0304609761051	0.0514407580776	0.0514407580776	4783	0.0888059892705	0.152203518942	0.152203518942	2108	0.0762773746399	0.130694675099	0.130694675099	14668	0.28568623907	0.460740047557	0.460740047557	5026	0.244432783173	0.390688613087	0.390688613087
Ca_Anaerovoracaceae_sp_DTU-UNIPD937	1.605048	22197	0.430693922281	0.476675474564	0.476675474564	17426	0.477345928151	0.531610881241	0.531610881241	11651	0.203378481227	0.234440902073	0.234440902073	10796	0.246889412936	0.286129142673	0.286129142673	10214	0.189643398371	0.223057201142	0.223057201142	5376	0.194529016159	0.228740269986	0.228740269986	8205	0.159807444203	0.176872261723	0.176872261723	3334	0.162144627756	0.177856584178	0.177856584178
Firmicutes_sp_DTU-UNIPD938	1.086491	53895	1.04573811512	1.70977472768	1.70977472768	45519	1.24689023892	2.0514019129	2.0514019129	45866	0.800631483987	1.36339890182	1.36339890182	41117	0.940288254138	1.60983931447	1.60983931447	43440	0.806550736757	1.4014322366	1.4014322366	22200	0.803300624765	1.39539844734	1.39539844734	43983	0.85664970364	1.40064438318	1.40064438318	16517	0.803282188554	1.30165955926	1.30165955926
Clostridiales_sp_DTU-UNIPD939	1.597285	12894	0.250185495062	0.278241434038	0.278241434038	9904	0.271297720212	0.303607429744	0.303607429744	3285	0.0573425723826	0.0664218805018	0.0664218805018	2855	0.0652898549399	0.0760345433219	0.0760345433219	6358	0.11804902358	0.139523232686	0.139523232686	2455	0.0888334699909	0.10496402532	0.10496402532	8775	0.170909241058	0.190078887131	0.190078887131	2428	0.118082530351	0.130154337432	0.130154337432
Firmicutes_sp_DTU-UNIPD940	1.856716	21557	0.4182758428	0.400183697142	0.400183697142	15617	0.427792457244	0.411847379668	0.411847379668	25318	0.441948020573	0.440394738726	0.440394738726	19524	0.446486559666	0.447312012843	0.447312012843	15582	0.289311086099	0.294161708917	0.294161708917	8573	0.310211543068	0.315325242175	0.315325242175	21391	0.416629011449	0.398616045645	0.398616045645	9373	0.455843310124	0.432240556473	0.432240556473
Ca_Caldatribacterium_sp_DTU-UNIPD941	1.214951	38808	0.753001294585	1.10097903501	1.10097903501	27937	0.765271042968	1.12591390259	1.12591390259	14101	0.246145392136	0.374842957745	0.374842957745	11478	0.262485798599	0.401878432898	0.401878432898	14319	0.265860957634	0.413106802124	0.413106802124	7246	0.262194429146	0.407296765312	0.407296765312	15978	0.311200895	0.455022448131	0.455022448131	5722	0.278281811643	0.403256584272	0.403256584272
Cloacibacillus_sp_DTU-UNIPD942	1.904194	88222	1.71179345008	1.59691667942	1.59691667942	72929	1.99772530668	1.87531074912	1.87531074912	13406	0.234013554143	0.227376841285	0.227376841285	10831	0.247689813959	0.241960573909	0.241960573909	15899	0.295196826973	0.292662472095	0.292662472095	7689	0.278224256929	0.275759233122	0.275759233122	23446	0.456653910637	0.426016810902	0.426016810902	8127	0.395245767777	0.365436097059	0.365436097059
Alcaligenaceae_sp_DTU-UNIPD943	2.360652	61825	1.1996058812	0.902710940449	0.902710940449	43198	1.18331168394	0.896016170426	0.896016170426	12182	0.212647554571	0.166665163241	0.166665163241	8624	0.19721881226	0.155404654051	0.155404654051	5496	0.102044264485	0.081606203571	0.081606203571	2360	0.0853959222723	0.0682733837272	0.0682733837272	5273	0.102701359327	0.0772849571736	0.0772849571736	2013	0.0978995607894	0.0730136705636	0.0730136705636
Burkholderiales_sp_DTU-UNIPD944	1.775809	15908	0.308666888122	0.308770556101	0.308770556101	12094	0.331287825953	0.333470859077	0.333470859077	4181	0.072983042658	0.0760400022682	0.0760400022682	3072	0.0702523412873	0.073588881355	0.073588881355	2393	0.0444308451441	0.0472340152714	0.0472340152714	906	0.0327833498215	0.0348420210735	0.0348420210735	18137	0.353251385193	0.353377072857	0.353377072857	4542	0.220894090961	0.218999565755	0.218999565755
Firmicutes_sp_DTU-UNIPD945	1.667087	21410	0.415423565169	0.442664763138	0.442664763138	17388	0.476305003942	0.510711389683	0.510711389683	11769	0.205438275303	0.228002445037	0.228002445037	9537	0.21809784468	0.24335527262	0.24335527262	12934	0.240145654448	0.271946210558	0.271946210558	6606	0.239036212937	0.270614895964	0.270614895964	10728	0.208947502914	0.222653572945	0.222653572945	4489	0.218316506897	0.23055986918	0.23055986918
Clostridia_sp_DTU-UNIPD946	1.333245	5700	0.110598520386	0.147360620779	0.147360620779	4433	0.121432026827	0.162806576648	0.162806576648	6689	0.116762394724	0.162035225782	0.162035225782	5532	0.126509098959	0.17650599076	0.17650599076	10109	0.18769386275	0.265770426084	0.265770426084	5151	0.186387455773	0.263847498081	0.263847498081	6146	0.119704637669	0.159496721705	0.159496721705	2133	0.103735600181	0.136985080201	0.136985080201
Catabacter_sp_DTU-UNIPD932	1.38189	17127	0.332319448886	0.427193242264	0.427193242264	13165	0.360625453007	0.466478429362	0.466478429362	3693	0.0644645722401	0.0863105809604	0.0863105809604	3344	0.0764726006722	0.102939021853	0.102939021853	3873	0.0719100138918	0.0982386628772	0.0982386628772	1697	0.0614054576679	0.0838648090267	0.0838648090267	5868	0.114290077097	0.146921650939	0.146921650939	1925	0.0936197985691	0.119275057964	0.119275057964
Ruminococcaceae_sp_DTU-UNIPD949	2.167528	103558	2.00936167967	1.6467796378	1.6467796378	79313	2.17260057382	1.79169399329	1.79169399329	29298	0.511422430948	0.436547458924	0.436547458924	25316	0.578941494802	0.496841212675	0.496841212675	31112	0.577656687891	0.503120060024	0.503120060024	15595	0.564300596541	0.491351240504	0.491351240504	51469	1.00245330234	0.821580613228	0.821580613228	18395	0.894616205028	0.726653638206	0.726653638206
Acholeplasmatales_sp_DTU-UNIPD950	0.947538	3051	0.0591993132802	0.110984446915	0.110984446915	2544	0.0696871365325	0.131463335745	0.131463335745	1677	0.0292735141204	0.0571603175752	0.0571603175752	1817	0.0415522474346	0.0815728308237	0.0815728308237	3276	0.0608255113632	0.121186900203	0.121186900203	1528	0.0552902412001	0.110128091352	0.110128091352	19686	0.383421005067	0.718836322294	0.718836322294	10813	0.52587578282	0.977106592831	0.977106592831
Clostridia_sp_DTU-UNIPD951	2.028426	53618	1.0403634151	0.911104081393	0.911104081393	35838	0.981701100257	0.865104902795	0.865104902795	125955	2.19865561779	2.00546205844	2.00546205844	87436	1.99953896901	1.83365807477	1.83365807477	100476	1.86553848588	1.73624732007	1.73624732007	53270	1.92755965231	1.7934733277	1.7934733277	74987	1.46050954521	1.27907490778	1.27907490778	28310	1.37681895974	1.19501423127	1.19501423127
Acidaminococcales_sp_DTU-UNIPD952	0.973789	15565	0.30201157365	0.550935567942	0.550935567942	12025	0.329397726731	0.604650473659	0.604650473659	1723	0.0300764846926	0.0571450503027	0.0571450503027	1594	0.0364525494831	0.0696322927376	0.0696322927376	1526	0.0283332510196	0.0549285442173	0.0549285442173	608	0.022000305399	0.0426393041851	0.0426393041851	2778	0.0541066520409	0.0987044074612	0.0987044074612	909	0.0442079983893	0.0799266103868	0.0799266103868
Azonexus_sp_DTU-UNIPD953	2.196145	81251	1.57653339998	1.27521747134	1.27521747134	63779	1.74708171419	1.42200417491	1.42200417491	13076	0.228253113082	0.192296822167	0.192296822167	10487	0.239823015326	0.203131604796	0.203131604796	15083	0.28004615015	0.240732729426	0.240732729426	6817	0.246671187343	0.211984290158	0.211984290158	11798	0.229787718063	0.185873103188	0.185873103188	4643	0.225806090783	0.181021454148	0.181021454148
Firmicutes_sp_DTU-UNIPD954	1.750066	20162	0.391208310179	0.397096201984	0.397096201984	14519	0.397715226146	0.406224819657	0.406224819657	9118	0.159162732111	0.168268710537	0.168268710537	7405	0.169341988031	0.179993937622	0.179993937622	17620	0.327150644145	0.352906694118	0.352906694118	9308	0.336807306996	0.363223000125	0.363223000125	13236	0.257795409076	0.261680583627	0.261680583627	5615	0.273078009852	0.274718375462	0.274718375462
Sphaerochaeta_sp_DTU-UNIPD955	1.249274	17107	0.331931383902	0.471989898783	0.471989898783	12823	0.351257135125	0.502592632004	0.502592632004	2378	0.0415100874051	0.0614769559442	0.0614769559442	1740	0.0397913651823	0.0592486950248	0.0592486950248	2718	0.0504651220651	0.0762605917111	0.0762605917111	1057	0.0382472414584	0.0577814824455	0.0577814824455	4370	0.0851137758886	0.121029964025	0.121029964025	1574	0.0765493833495	0.10787961877	0.10787961877
Ca_Thermacetogeniaceae_sp_DTU-UNIPD947	1.474235	86163	1.67184216	2.01451564458	2.01451564458	57957	1.58760116825	1.92496729977	1.92496729977	37328	0.651593163439	0.817760652486	0.817760652486	24717	0.565243202995	0.713208125579	0.713208125579	82368	1.52932714285	1.95839469051	1.95839469051	45140	1.63337793702	2.09105873264	2.09105873264	64512	1.25648968195	1.51405955106	1.51405955106	27801	1.35206442598	1.61467855244	1.61467855244
Clostridia_sp_DTU-UNIPD948	2.407027	47628	0.924137952445	0.682021292585	0.682021292585	36044	0.987344005181	0.733223196421	0.733223196421	87614	1.52937964588	1.17557611296	1.17557611296	77062	1.76230010556	1.36190419234	1.36190419234	59184	1.09886967781	0.861850170519	0.861850170519	30169	1.09165660129	0.8559558162	0.8559558162	45718	0.89044201512	0.657166520615	0.657166520615	15508	0.754210824005	0.551654553118	0.551654553118
Bacillus_sp_DTU-UNIPD958	2.974646	12698	0.246382458221	0.147135199858	0.147135199858	9588	0.26264161363	0.157825405034	0.157825405034	78038	1.36222211981	0.847284081784	0.847284081784	100077	2.2886209502	1.43115354602	1.43115354602	3965	0.0736181784356	0.0467214509883	0.0467214509883	2096	0.0758431580859	0.0481201954715	0.0481201954715	7289	0.141966661888	0.0847816431492	0.0847816431492	2598	0.126350252822	0.0747818549708	0.0747818549708
Firmicutes_sp_DTU-UNIPD959	0.999821	14816	0.287478540006	0.51076986387	0.51076986387	10212	0.279734684855	0.500118279652	0.500118279652	9484	0.165551584924	0.306356780786	0.306356780786	6714	0.153539784962	0.285657956504	0.285657956504	5945	0.110380850139	0.208419343892	0.208419343892	2635	0.0953467182998	0.179982284238	0.179982284238	7315	0.14247305964	0.253140273421	0.253140273421	2481	0.120660114416	0.212469642164	0.212469642164
Fermentimonas_massiliensis_DTU-UNIPD960	2.22945	55122	1.06954590188	0.852204415905	0.852204415905	35938	0.984440374492	0.789296804018	0.789296804018	7430	0.129697203288	0.107633951169	0.107633951169	5152	0.117819030701	0.0983026804417	0.0983026804417	7846	0.145676728375	0.123355633143	0.123355633143	3709	0.134209099876	0.113613644301	0.113613644301	32196	0.62707623078	0.499658581378	0.499658581378	14641	0.712045439403	0.562296500061	0.562296500061
Clostridia_sp_DTU-UNIPD961	2.106009	18276	0.354613782206	0.299114507134	0.299114507134	13698	0.375225784679	0.318479230943	0.318479230943	63570	1.10967041898	0.974877831925	0.974877831925	51870	1.18619431724	1.0477152557	1.0477152557	46998	0.872612143787	0.782217582855	0.782217582855	21954	0.79439918541	0.711909570191	0.711909570191	22992	0.447811426826	0.377733668696	0.377733668696	8283	0.402832618986	0.336759468243	0.336759468243
Limnochordia_sp_DTU-UNIPD962	2.992994	27019	0.524256389878	0.311157286473	0.311157286473	19923	0.545745605793	0.325936550933	0.325936550933	18095	0.315864184859	0.195258949083	0.195258949083	15897	0.363542145002	0.225941792823	0.225941792823	99452	1.84652587182	1.16470541562	1.16470541562	46438	1.68034569427	1.05959293792	1.05959293792	39996	0.778995556165	0.462359603057	0.462359603057	13330	0.648286709053	0.381343791066	0.381343791066
Sphaerochaeta_sp_DTU-UNIPD963	1.481516	41413	0.803546758726	0.963489301448	0.963489301448	25609	0.701500738782	0.846389858164	0.846389858164	6015	0.104997130253	0.131125601037	0.131125601037	4113	0.0940585545947	0.118097201351	0.118097201351	6093	0.113128767013	0.144156175479	0.144156175479	2710	0.0980605717619	0.124920679787	0.124920679787	6320	0.123093607235	0.147597805668	0.147597805668	2360	0.114775441363	0.136394869112	0.136394869112
Clostridia_sp_DTU-UNIPD964	2.09204	21215	0.411639931576	0.349534141208	0.349534141208	15378	0.421245591823	0.359926687357	0.359926687357	21330	0.372333963142	0.329290406129	0.329290406129	17619	0.402921875372	0.358260158772	0.358260158772	27560	0.511706682897	0.461761424285	0.461761424285	15471	0.559813692151	0.505033045812	0.505033045812	14847	0.289172592819	0.245548843625	0.245548843625	5814	0.282756108509	0.237956416435	0.237956416435
Actinobacteria_sp_DTU-UNIPD965	1.178446	4519	0.0876832830919	0.132174965305	0.132174965305	3657	0.100175258766	0.151949561286	0.151949561286	15263	0.266429127024	0.418300538735	0.418300538735	11101	0.253864336143	0.400718745006	0.400718745006	1557	0.0289088282028	0.0463113398305	0.0463113398305	691	0.0250036365636	0.0400442122727	0.0400442122727	2130	0.041485661932	0.0625372940337	0.0625372940337	795	0.0386637609675	0.0577630103404	0.0577630103404
Clostridiales_sp_DTU-UNIPD956	2.526616	58465	1.13441096392	0.797578176779	0.797578176779	44401	1.21626515298	0.860473869068	0.860473869068	86303	1.50649498458	1.10317613171	1.10317613171	71557	1.63640845882	1.20475884964	1.20475884964	52510	0.974953480367	0.728469202864	0.728469202864	26531	0.96001661602	0.717109988442	0.717109988442	54832	1.06795390378	0.750868721912	0.750868721912	19584	0.952441628664	0.663673588706	0.663673588706
Methanothermobacter_wolfeii_DTU-UNIPD957	1.577183	510932	9.9137409154	11.1659985405	11.1659985405	346718	9.49755684131	10.7641187013	10.7641187013	697759	12.1799987711	14.2883330896	14.2883330896	450059	10.2922195532	12.138767859	12.138767859	613332	11.3877388692	13.6308191787	13.6308191787	326858	11.8272628653	14.1529973653	14.1529973653	1136586	22.13709979	24.9338523678	24.9338523678	546293	26.5682288934	29.6575946362	29.6575946362
Pseudorhodobacter_sp_DTU-UNIPD967	2.295314	22647	0.439425384417	0.34008315801	0.34008315801	16848	0.461512923074	0.359410222224	0.359410222224	19027	0.332133066887	0.267723453695	0.267723453695	14608	0.334064518726	0.270729696915	0.270729696915	10051	0.186616976408	0.153488409971	0.153488409971	4840	0.175134010084	0.14400403133	0.14400403133	7859	0.153068458743	0.118466171062	0.118466171062	3075	0.149548509403	0.114708444619	0.114708444619
Ruminococcaceae_sp_DTU-UNIPD968	1.968291	17276	0.335210533015	0.302531387413	0.302531387413	12247	0.335478915532	0.304666418988	0.304666418988	7105	0.124024041637	0.116582397398	0.116582397398	5402	0.123536180871	0.116748824275	0.116748824275	7927	0.147180655853	0.141165305158	0.141165305158	4020	0.145462545566	0.139478780169	0.139478780169	15288	0.297761877754	0.268738900567	0.268738900567	6222	0.30259864244	0.270665608484	0.270665608484
Bacillales_sp_DTU-UNIPD969	1.355103	8687	0.168556025718	0.220960205493	0.220960205493	7445	0.203938966779	0.26901504685	0.26901504685	3109	0.0542703371499	0.0740980231412	0.0740980231412	3278	0.0749632730273	0.102902016398	0.102902016398	12175	0.226053296962	0.31492350975	0.31492350975	6207	0.224598512519	0.312810147298	0.312810147298	6259	0.121905520203	0.159809213278	0.159809213278	2150	0.104562372428	0.135849651828	0.135849651828
Clostridia_sp_DTU-UNIPD970	1.647134	15607	0.302826510116	0.326593132875	0.326593132875	11484	0.314578253121	0.341388139394	0.341388139394	17552	0.306385640931	0.344156427257	0.344156427257	13244	0.302871747399	0.342040460624	0.342040460624	23630	0.438738349668	0.502855505613	0.502855505613	13094	0.47380262976	0.542893696046	0.542893696046	19302	0.375941899817	0.405454895087	0.405454895087	8333	0.405264302066	0.433176438615	0.433176438615
Clostridiales_sp_DTU-UNIPD971	1.417537	12970	0.251660142001	0.315371267049	0.315371267049	9707	0.265901349969	0.335300964671	0.335300964671	9623	0.167977952523	0.219247317573	0.219247317573	7261	0.166048909534	0.217896009004	0.217896009004	8383	0.155647210549	0.207287675972	0.207287675972	4440	0.160660124953	0.213904519522	0.213904519522	8040	0.156593766166	0.19624148155	0.19624148155	3194	0.155335915132	0.192926943902	0.192926943902
Firmicutes_sp_DTU-UNIPD966	2.223234	921525	17.8805792103	14.2869161719	14.2869161719	522518	14.313200946	11.5080107034	11.5080107034	936393	16.3455657172	13.6028900982	13.6028900982	612810	14.0141071824	11.7254065732	11.7254065732	990249	18.385959036	15.612327639	15.612327639	511982	18.5259216427	15.7268198201	15.7268198201	850557	16.5661596976	13.2369343931	13.2369343931	332499	16.1706438465	12.8055296047	12.8055296047
Acetomicrobium_sp_DTU-UNIPD972	1.484346	851109	16.5142800153	19.7636241791	19.7636241791	522587	14.3150910453	17.2388238597	17.2388238597	271229	4.73454142002	5.90145612394	5.90145612394	173576	3.96944023154	4.97441222481	4.97441222481	179256	3.32824721151	4.23298738728	4.23298738728	80078	2.89759943378	3.6842531666	3.6842531666	397228	7.73674484409	9.25920876014	9.25920876014	138955	6.75789044684	8.01551458334	8.01551458334
Aeromicrobium_sp_DTU-UNIPD973	2.139382	36275	0.703852864385	0.584434215985	0.584434215985	30774	0.842984253008	0.704335841296	0.704335841296	8883	0.15506059984	0.134100232534	0.134100232534	7971	0.182285616016	0.158493594206	0.158493594206	3414	0.0633877581789	0.0559349944164	0.0559349944164	1597	0.0577869863851	0.0509786080169	0.0509786080169	4483	0.087314658423	0.0725019304121	0.0725019304121	1551	0.0754308091328	0.0620748725937	0.0620748725937
Firmicutes_sp_DTU-UNIPD974	1.394635	116635	2.26309796933	2.88260332954	2.88260332954	87418	2.39461875055	3.06919500601	3.06919500601	366152	6.39150610746	8.47928156644	8.47928156644	275034	6.28964271928	8.38905549747	8.38905549747	392682	7.29092901499	9.8693568886	9.8693568886	218931	7.92195536399	10.7205753781	10.7205753781	304953	5.93951974795	7.56556764478	7.56556764478	127116	6.18211652723	7.80426548402	7.80426548402
Limnochordia_sp_DTU-UNIPD975	2.097423	648034	12.5739651859	10.6494778992	10.6494778992	517841	14.1850850901	12.0891170724	12.0891170724	2066224	36.0677623375	31.8162933285	31.8162933285	1669152	38.1711705613	33.8529955052	33.8529955052	2051204	38.0847167919	34.279245031	34.279245031	1044759	37.8043043887	34.01742916	34.01742916	1298528	25.2912176607	21.4207395786	21.4207395786	473565	23.0311999529	19.3324078042	19.3324078042
Ca_Dethiobacteraceae_sp_DTU-UNIPD976	1.911149	42710	0.828712772926	0.770285236736	0.770285236736	35360	0.968607369415	0.905945110934	0.905945110934	33428	0.583515223624	0.564903222626	0.564903222626	28317	0.647570165441	0.630289301918	0.630289301918	35836	0.665367223813	0.657254245613	0.657254245613	16656	0.602692576851	0.595178944348	0.595178944348	17090	0.332859137285	0.309397417173	0.309397417173	5937	0.288738048886	0.2659897357	0.2659897357
